
area:

[[100.52874526338326, 13.732799828181953], [100.52874516535093, 13.732799867349911], [100.52874519066398, 13.732800035352227], [100.52874526338326, 13.732799828181953], [100.52874526338326, 13.732799828181953]] 0.0
[[100.40943528332497, 13.78225722417693], [100.4094352308885, 13.782257099819503], [100.40943524454269, 13.782257234455983], [100.40943528332497, 13.78225722417693], [100.40943528332497, 13.78225722417693]] 0.0

[(-13, 1), (-12, 10), (-11, 35), (-10, 121), (-9, 785), (-8, 1738), (-7, 2232), (-6, 633), (-5, 213), (-4, 155), (-3, 20), (-2, 1)]

shape:(area/diagonl)

[(-8, 1), (-7, 18), (-6, 159), (-5, 3406), (-4, 1944), (-3, 342), (-2, 74)]

length of polyline
[(-3, 1781468), (-4, 438698), (-2, 2592300), (-5, 39458), (-1, 98230), (-6, 990), (-7, 94), (-8, 12)]
